1	60
2	46
3	34
4	32
5	37
6	40
7	41
8	34
9	59
10	27
11	31
12	32
13	33
14	51
15	74
16	56
17	29
18	29
19	25
20	35
21	26
22	31
23	30
24	41
25	35
26	40
27	37
28	41
29	43
30	50
31	30
32	44
33	31
34	36
35	28
36	28
37	30
38	34
39	26
40	34
41	33
42	34
43	32
44	35
45	28
46	32
47	26
48	29
49	26
50	29
51	39
52	34
53	31
54	31
55	31
56	30
57	31
58	31
59	47
60	39
61	52
62	43
63	44
64	44
65	52
66	45
67	47
68	44
69	43
70	51
71	56
72	48
73	47
74	53
75	53
76	71
77	58
78	59
79	47
80	50
81	52
82	51
83	51
84	56
85	53
86	56
87	51
88	42
89	43
90	45
91	34
92	45
93	38
94	35
95	41
96	37
97	36
98	41
99	39
100	33
101	36
102	31
103	35
104	36
105	35
106	37
107	37
108	32
109	33
110	27
111	40
112	35
113	38
114	41
115	58
116	50
117	46
118	36
119	33
120	31
121	39
122	53
123	48
124	39
125	50
126	38
127	44
128	41
129	39
130	44
131	48
132	48
133	43
134	61
135	47
136	70
137	53
138	59
139	60
140	60
141	71
142	52
143	50
144	52
145	52
146	55
147	49
148	49
149	54
150	51
151	49
152	49
153	53
154	52
155	56
156	50
157	53
158	52
159	47
160	49
161	46
162	45
163	45
164	42
165	41
166	41
167	47
168	50
169	42
170	38
171	42
172	44
173	45
174	37
175	54
176	44
177	67
178	48
179	60
180	40
181	46
182	46
183	42
184	45
185	45
186	42
187	38
188	39
189	41
190	35
191	36
192	32
193	39
194	38
195	39
196	40
197	34
198	30
199	37
200	40
201	40
202	47
203	35
204	44
205	38
206	41
207	38
208	42
209	42
210	38
211	42
212	38
213	44
214	45
215	49
216	52
217	53
218	46
219	47
220	49
221	52
222	48
223	50
224	53
225	45
226	42
227	40
228	42
229	44
230	40
231	43
232	50
233	40
234	48
235	52
236	53
237	47
238	41
239	44
240	45
241	41
242	46
243	49
244	43
245	49
246	43
247	50
248	44
249	51
250	48
251	42
252	47
253	46
254	44
255	50
256	47
257	47
258	47
259	45
260	51
261	45
262	49
263	48
264	54
265	39
266	41
267	36
268	39
269	44
270	36
271	36
272	40
273	42
274	41
275	39
276	35
277	42
278	44
279	47
280	43
281	47
282	39
283	42
284	46
285	43
286	44
287	47
288	43
289	42
290	48
291	44
292	45
293	47
294	56
295	45
296	48
297	49
298	60
299	39
300	48
301	48
302	56
303	46
304	48
305	43
306	54
307	45
308	47
309	46
310	45
311	44
312	49
313	42
314	44
315	43
316	44
317	45
318	58
319	50
320	60
321	41
322	49
323	52
324	50
325	45
326	47
327	44
328	45
329	51
330	45
331	44
332	45
333	48
334	47
335	42
336	48
337	44
338	39
339	46
340	45
341	46
342	43
343	53
344	46
345	47
346	43
347	47
348	47
349	50
350	43
351	46
352	44
353	46
354	36
355	38
356	44
357	35
358	34
359	41
360	33
361	34
362	32
363	30
364	30
365	35
366	26
367	30
368	31
369	34
370	30
371	33
372	27
373	33
374	27
375	35
376	34
377	37
378	39
379	30
380	33
381	43
382	38
383	37
384	34
385	37
386	36
387	37
388	37
389	34
390	39
391	38
392	38
393	50
394	45
395	43
396	43
397	44
398	43
399	42
400	45
401	47
402	44
403	47
404	49
405	45
406	46
407	44
408	45
409	47
410	49
411	46
412	54
413	47
414	52
415	54
416	60
417	49
418	50
419	47
420	54
421	47
422	52
423	48
424	52
425	47
426	60
427	51
428	53
429	48
430	51
431	57
432	55
433	51
434	49
435	54
436	56
437	50
438	51
439	48
440	56
441	51
442	55
443	55
444	53
445	56
446	56
447	53
448	47
449	54
450	50
451	49
452	49
453	51
454	50
455	50
456	52
457	46
458	53
459	50
460	47
461	50
462	58
463	45
464	46
465	44
466	50
467	51
468	49
469	52
470	51
471	38
472	35
473	34
474	41
475	35
476	43
477	40
478	35
479	30
480	28
481	25
482	26
483	30
484	26
485	38
486	34
487	28
488	32
489	30
490	28
491	29
492	37
493	36
494	31
495	31
496	35
497	40
498	32
499	30
500	36
501	30
502	31
503	33
504	36
505	31
506	30
507	29
508	33
509	40
510	33
511	47
512	35
513	38
514	27
515	29
516	29
517	30
518	30
519	41
520	41
521	34
522	32
523	30
524	34
525	31
526	35
527	33
528	37
529	29
530	33
531	35
532	34
533	39
534	33
535	33
536	34
537	41
538	40
539	34
540	33
541	32
542	34
543	30
544	28
545	45
546	39
547	36
548	37
549	37
550	36
551	35
552	42
553	35
554	36
555	33
556	36
557	42
558	38
559	35
560	45
561	32
562	31
563	29
564	36
565	37
566	33
567	30
568	32
569	42
570	29
571	43
572	33
573	34
574	39
575	32
576	39
577	40
578	38
579	31
580	32
581	32
582	35
583	30
584	31
585	32
586	33
587	33
588	29
589	28
590	37
591	37
592	36
593	48
594	43
595	36
596	36
597	37
598	34
599	38
600	33
601	35
602	38
603	36
604	34
605	45
606	43
607	47
608	45
609	59
610	49
611	59
612	54
613	59
614	49
615	55
616	62
617	50
618	49
619	49
620	58
621	53
622	52
623	53
624	60
625	42
626	53
627	65
628	53
629	55
630	55
631	46
632	46
633	49
634	51
635	56
636	56
637	42
638	58
639	55
640	49
641	48
642	57
643	54
644	52
645	46
646	53
647	57
648	55
649	48
650	55
651	55
652	60
653	54
654	61
655	51
656	61
657	55
658	52
659	50
660	48
661	56
662	48
663	51
664	67
665	53
666	50
667	67
668	57
669	60
670	48
671	39
672	44
673	40
674	41
675	38
676	43
677	39
678	43
679	53
680	46
681	42
682	37
683	38
684	45
685	39
686	45
687	39
688	37
689	41
690	36
691	49
692	45
693	46
694	35
695	36
696	40
697	37
698	44
699	49
700	51
701	72
702	46
703	55
704	54
705	52
706	57
707	64
708	67
709	57
710	44
711	42
712	65
713	67
714	51
715	56
716	54
717	51
718	56
719	67
720	55
721	62
722	60
723	61
724	57
725	54
726	51
727	51
728	52
729	54
730	75
731	56
732	50
733	61
734	53
735	56
736	55
737	65
738	51
739	50
740	62
741	54
742	52
743	51
744	50
745	51
746	57
747	56
748	74
749	48
750	48
751	55
752	46
753	43
754	41
755	56
756	54
757	47
758	58
759	67
760	66
761	54
762	61
763	48
764	52
765	53
766	61
767	52
768	56
769	62
770	47
771	55
772	48
773	70
774	48
775	44
776	55
777	61
778	51
779	49
780	52
781	50
782	60
783	64
784	58
785	49
786	58
787	55
788	55
789	69
790	46
791	52
792	52
793	50
794	46
795	43
796	45
797	44
798	43
799	40
800	45
801	44
802	48
803	39
804	50
805	64
806	56
807	47
808	43
809	65
810	52
811	60
812	54
813	52
814	43
815	44
816	51
817	56
818	59
819	60
820	54
821	51
822	45
823	55
824	59
825	53
826	63
827	51
828	51
829	55
830	55
831	55
832	56
833	51
834	51
835	55
836	45
837	50
838	64
839	50
840	58
841	56
842	48
843	54
844	57
845	46
846	55
847	56
848	47
849	47
850	55
851	55
852	47
853	50
854	47
855	61
856	52
857	48
858	42
859	50
860	46
861	53
862	40
863	47
864	42
865	52
866	42
867	39
868	45
869	44
870	44
871	44
872	48
873	52
874	42
875	40
876	41
877	48
878	46
879	40
880	50
881	48
882	43
883	51
884	44
885	43
886	54
887	41
888	39
889	38
890	42
891	35
892	36
893	33
894	67
895	42
896	45
897	42
898	43
899	42
900	36
901	51
902	50
903	42
904	40
905	48
906	41
907	45
908	39
909	51
910	44
911	39
912	40
913	42
914	36
915	48
916	43
917	40
918	51
919	41
920	45
921	59
922	53
923	47
924	55
925	57
926	50
927	49
928	79
929	57
930	58
931	76
932	48
933	47
934	57
935	53
936	59
937	58
938	53
939	57
940	47
941	49
942	60
943	55
944	54
945	54
946	57
947	55
948	55
949	59
950	73
951	51
952	47
953	47
954	45
955	37
956	35
957	38
958	43
959	35
960	37
961	50
962	38
963	39
964	40
965	40
966	43
967	43
968	39
969	36
970	37
971	44
972	47
973	44
974	38
975	35
976	37
977	42
978	44
979	63
980	47
981	50
982	59
983	62
984	47
985	40
986	53
987	49
988	41
989	39
990	38
991	41
992	41
993	41
994	56
995	47
996	41
997	50
998	39
999	39
1000	54
1001	45
1002	51
1003	48
1004	43
1005	41
1006	51
1007	51
1008	55
1009	54
1010	39
1011	47
1012	37
1013	44
1014	38
1015	40
1016	41
1017	39
1018	44
1019	44
1020	40
1021	33
1022	44
1023	36
1024	30
1025	31
1026	37
1027	43
1028	31
1029	31
1030	37
1031	34
1032	35
1033	32
1034	33
1035	37
1036	28
1037	30
1038	37
1039	31
1040	27
1041	28
1042	29
1043	29
1044	33
1045	34
1046	32
1047	34
1048	38
1049	32
1050	34
1051	31
1052	34
1053	34
1054	35
1055	30
1056	29
1057	26
1058	29
1059	23
1060	27
1061	25
1062	27
1063	34
1064	38
1065	35
1066	33
1067	42
1068	45
1069	39
1070	33
1071	37
1072	31
1073	26
1074	30
1075	26
1076	36
1077	23
1078	31
1079	34
1080	27
1081	65
1082	63
1083	51
1084	58
1085	64
1086	61
1087	46
1088	50
1089	46
1090	44
1091	22
1092	19
1093	19
1094	25
1095	23
1096	22
1097	24
1098	25
1099	27
1100	26
1101	25
1102	26
1103	26
1104	27
1105	22
1106	35
1107	24
1108	22
1109	22
1110	21
1111	22
1112	22
1113	24
1114	27
1115	19
1116	24
1117	25
1118	19
1119	25
1120	20
1121	36
1122	25
1123	27
1124	40
1125	28
1126	21
1127	43
1128	34
1129	25
1130	33
1131	26
1132	25
1133	39
1134	48
1135	50
1136	47
1137	56
1138	65
1139	46
