1	7.38
9	7.38
17	7.38
25	17.89
33	17.89
41	17.89
49	20.33
57	20.33
65	17.12
73	17.12
81	17.12
89	17.55
97	17.55
105	17.55
113	19.37
121	19.37
129	16.6
137	16.6
145	16.6
153	17.68
161	17.68
169	15.62
177	15.62
185	15.62
193	18
201	18
209	18
217	18.5
225	18.5
233	17.25
241	17.25
249	17.25
257	19.06
265	19.06
273	19.06
281	18.3
289	18.3
297	19.48
305	19.48
313	19.48
321	17.49
329	17.49
337	17.15
345	17.15
353	17.15
361	17.91
369	17.91
377	17.91
385	18.43
393	18.43
401	18.42
409	18.42
417	18.42
425	19.02
433	19.02
441	19.02
449	17.58
457	17.58
465	19.58
473	19.58
481	19.58
489	19.83
497	19.83
505	18.51
513	18.51
521	18.51
529	16.85
537	16.85
545	16.85
553	19.74
561	19.74
569	19.05
577	19.05
585	19.05
593	16.66
601	16.66
609	16.66
617	19.11
625	19.11
633	17.71
641	17.71
649	17.71
657	18.07
665	18.07
673	18.18
681	18.18
689	18.18
697	18.38
705	18.38
713	18.38
721	16.23
729	16.23
737	16.93
745	16.93
753	16.93
761	18.26
769	18.26
777	18.26
785	18.19
793	18.19
801	15.64
809	15.64
817	15.64
825	17.23
833	17.23
841	17.87
849	17.87
857	17.87
865	18.04
873	18.04
881	18.04
889	18.16
897	18.16
905	21.32
913	21.32
921	21.32
929	20.49
937	20.49
945	20.49
953	16.91
961	16.91
969	19.38
977	19.38
985	19.38
993	19.37
1001	19.37
1009	19.63
1017	19.63
1025	19.63
1033	23.6
1041	23.6
1049	23.6
1057	19.19
1065	19.19
1073	19.89
1081	19.89
1089	19.89
1097	21.84
1105	21.84
1113	21.84
1121	20.99
1129	20.99
1137	19.96
1145	19.96
1153	19.96
1161	20.86
1169	20.86
1177	20.78
1185	20.78
1193	20.78
1201	20.22
1209	20.22
1217	20.22
1225	22.86
1233	22.86
1241	20.63
1249	20.63
1257	20.63
1265	27.92
1273	27.92
1281	27.92
1289	19.06
1297	19.06
1305	15.51
1313	15.51
1321	15.51
1329	16.91
1337	16.91
1345	22.9
1353	22.9
1361	22.9
1369	19.2
1377	19.2
1385	19.2
1393	16.62
1401	16.62
1409	18.87
1417	18.87
1425	18.87
1433	17.26
1441	17.26
1449	17.26
1457	16.35
1465	16.35
1473	18.9
1481	18.9
1489	18.9
1497	19.43
1505	19.43
1513	19.28
1521	19.28
1529	19.28
1537	18.33
1545	18.33
1553	18.33
1561	18.8
1569	18.8
1577	18.85
1585	18.85
1593	18.85
1601	19.72
1609	19.72
1617	19.72
1625	17.46
1633	17.46
1641	21.91
1649	21.91
1657	21.91
1665	19.32
1673	19.32
1681	19.64
1689	19.64
1697	19.64
1705	24.3
1713	24.3
1721	24.3
1729	21.52
1737	21.52
1745	15.75
1753	15.75
1761	15.75
1769	18.55
1777	18.55
1785	18.55
1793	22.17
1801	22.17
1809	22.75
1817	22.75
1825	22.75
1833	17.88
1841	17.88
1849	17.2
1857	17.2
1865	17.2
1873	16.98
1881	16.98
1889	16.98
1897	19.95
1905	19.95
1913	17.62
1921	17.62
1929	17.62
1937	19.12
1945	19.12
1953	19.12
1961	21.69
1969	21.69
1977	19.6
1985	19.6
1993	19.6
2001	16.48
2009	16.48
2017	18.34
2025	18.34
2033	18.34
2041	20.67
2049	20.67
2057	20.67
2065	19.81
2073	19.81
2081	19.34
2089	19.34
2097	19.34
2105	19.87
2113	19.87
2121	19.87
2129	18.19
2137	18.19
2145	17.45
2153	17.45
2161	17.45
2169	18.29
2177	18.29
2185	17.4
2193	17.4
2201	17.4
2209	20.58
2217	20.58
2225	20.58
2233	22.21
2241	22.21
2249	20.84
2257	20.84
2265	20.84
2273	23.27
2281	23.27
2289	23.27
2297	19.54
2305	19.54
2313	20.99
2321	20.99
2329	20.99
2337	20.36
2345	20.36
2353	22.01
2361	22.01
2369	22.01
2377	21.59
2385	21.59
2393	21.59
2401	31.27
2409	31.27
2417	19.7
2425	19.7
2433	19.7
2441	18.1
2449	18.1
2457	18.1
2465	22.82
2473	22.82
2481	25.15
2489	25.15
2497	25.15
2505	21.11
2513	21.11
2521	20.8
2529	20.8
2537	20.8
2545	20.37
2553	20.37
2561	20.37
2569	20.11
2577	20.11
2585	15.96
2593	15.96
2601	15.96
2609	19.35
2617	19.35
2625	19.35
2633	17.3
2641	17.3
2649	22.2
2657	22.2
2665	22.2
2673	17.44
2681	17.44
2689	19.83
2697	19.83
2705	19.83
2713	17.83
2721	17.83
2729	17.83
2737	19.81
2745	19.81
2753	18.66
2761	18.66
2769	18.66
2777	19.46
2785	19.46
2793	19.46
2801	23.62
2809	23.62
2817	20.12
2825	20.12
2833	20.12
2841	18.11
2849	18.11
2857	17.2
2865	17.2
2873	17.2
2881	18.97
2889	18.97
2897	18.97
2905	18.6
2913	18.6
2921	18.56
2929	18.56
2937	18.56
2945	19.03
2953	19.03
2961	19.03
2969	18.96
2977	18.96
2985	17.25
2993	17.25
3001	17.25
3009	19.6
3017	19.6
3025	18.4
3033	18.4
3041	18.4
3049	18.6
3057	18.6
3065	18.6
3073	18.64
3081	18.64
3089	17.37
3097	17.37
3105	17.37
3113	19.74
3121	19.74
3129	19.74
3137	18
3145	18
3153	22.06
3161	22.06
3169	22.06
3177	20.47
3185	20.47
3193	20.97
3201	20.97
3209	20.97
3217	18.02
3225	18.02
3233	18.02
3241	19.11
3249	19.11
3257	20.11
3265	20.11
3273	20.11
3281	19.63
3289	19.63
3297	19.63
3305	17.95
3313	17.95
3321	19.09
3329	19.09
3337	19.09
3345	20.07
3353	20.07
3361	23.88
3369	23.88
3377	23.88
3385	17.06
3393	17.06
3401	17.06
3409	18.79
3417	18.79
3425	19.21
3433	19.21
3441	19.21
3449	18.53
3457	18.53
3465	18.53
3473	16.92
3481	16.92
3489	18.9
3497	18.9
3505	18.9
3513	18.09
3521	18.09
3529	20.2
3537	20.2
3545	20.2
3553	21.34
3561	21.34
3569	21.34
3577	21.83
3585	21.83
3593	17.51
3601	17.51
3609	17.51
3617	22.33
3625	22.33
3633	22.33
3641	19.19
3649	19.19
3657	18.46
3665	18.46
3673	18.46
3681	24.01
3689	24.01
3697	22.14
3705	22.14
3713	22.14
3721	21.34
3729	21.34
3737	21.34
3745	19.57
3753	19.57
3761	19.19
3769	19.19
3777	19.19
3785	19.34
3793	19.34
3801	19.34
3809	18.3
3817	18.3
3825	19.32
3833	19.32
3841	19.32
3849	16.49
3857	16.49
3865	16.83
3873	16.83
3881	16.83
3889	17.54
3897	17.54
3905	17.54
3913	17.22
3921	17.22
3929	17.02
3937	17.02
3945	17.02
3953	18.19
3961	18.19
3969	18.19
3977	16.46
3985	16.46
3993	16.06
4001	16.06
4009	16.06
4017	17.59
4025	17.59
4033	19.12
4041	19.12
4049	19.12
4057	17.55
4065	17.55
4073	17.55
4081	16.59
4089	16.59
4097	15.66
4105	15.66
4113	15.66
4121	16.94
4129	16.94
4137	16.94
4145	15.88
4153	15.88
4161	17.08
4169	17.08
4177	17.08
4185	16.14
4193	16.14
4201	16.81
4209	16.81
4217	16.81
4225	18.5
4233	18.5
4241	18.5
4249	20.63
4257	20.63
4265	16.54
4273	16.54
4281	16.54
4289	16.6
4297	16.6
4305	16.6
4313	18.72
4321	18.72
4329	16.82
4337	16.82
4345	16.82
4353	16.84
4361	16.84
4369	16.55
4377	16.55
4385	16.55
4393	15.71
4401	15.71
4409	15.71
4417	17.29
4425	17.29
4433	16.74
4441	16.74
4449	16.74
4457	17.32
4465	17.32
4473	17.32
4481	16.88
4489	16.88
4497	17.44
4505	17.44
4513	17.44
4521	16.56
4529	16.56
4537	16.85
4545	16.85
4553	16.85
4561	16.94
4569	16.94
4577	16.94
4585	17.06
4593	17.06
4601	16.76
4609	16.76
4617	16.76
4625	16.49
4633	16.49
4641	16.49
4649	16.14
4657	16.14
4665	16.96
4673	16.96
4681	16.96
4689	17.77
4697	17.77
4705	17.94
4713	17.94
4721	17.94
4729	16.09
4737	16.09
4745	16.09
4753	16.69
4761	16.69
4769	16.1
4777	16.1
4785	16.1
4793	16.65
4801	16.65
4809	16.65
4817	17.17
4825	17.17
4833	16.44
4841	16.44
4849	16.44
4857	16.31
4865	16.31
4873	17.09
4881	17.09
4889	17.09
4897	18.27
4905	18.27
4913	18.27
4921	16.63
4929	16.63
4937	16.37
4945	16.37
4953	16.37
4961	15.86
4969	15.86
4977	15.86
4985	15.97
4993	15.97
5001	17.26
5009	17.26
5017	17.26
5025	16.14
5033	16.14
5041	17.66
5049	17.66
5057	17.66
5065	16.74
5073	16.74
5081	16.74
5089	16.52
5097	16.52
5105	16.66
5113	16.66
5121	16.66
5129	18.3
5137	18.3
5145	18.3
5153	18.15
5161	18.15
5169	16.41
5177	16.41
5185	16.41
5193	16.84
5201	16.84
5209	16.57
5217	16.57
5225	16.57
5233	16.78
5241	16.78
5249	16.78
5257	16.44
5265	16.44
5273	16.81
5281	16.81
5289	16.81
5297	17.43
5305	17.43
5313	17.43
5321	17.01
5329	17.01
5337	16.02
5345	16.02
5353	16.02
5361	15.96
5369	15.96
5377	16.89
5385	16.89
5393	16.89
5401	17.75
5409	17.75
5417	17.75
5425	19.08
5433	19.08
5441	18.47
5449	18.47
5457	18.47
5465	15.71
5473	15.71
5481	15.71
5489	16.99
5497	16.99
5505	19.04
5513	19.04
5521	19.04
5529	16.77
5537	16.77
5545	18.87
5553	18.87
5561	18.87
5569	17.36
5577	17.36
5585	17.36
5593	18.2
5601	18.2
5609	16.79
5617	16.79
5625	16.79
5633	17.65
5641	17.65
5649	17.65
5657	16.51
5665	16.51
5673	17.14
5681	17.14
5689	17.14
5697	16.73
5705	16.73
5713	17.3
5721	17.3
5729	17.3
5737	16.22
5745	16.22
5753	16.22
5761	18.6
5769	18.6
5777	16.44
5785	16.44
5793	16.44
5801	17.25
5809	17.25
5817	17.25
5825	16.83
5833	16.83
5841	16.37
5849	16.37
5857	16.37
5865	16.98
5873	16.98
5881	16.9
5889	16.9
5897	16.9
5905	17.99
5913	17.99
5921	17.99
5929	16.79
5937	16.79
5945	17.02
5953	17.02
5961	17.02
5969	16.9
5977	16.9
5985	16.9
5993	16.96
6001	16.96
6009	16.75
6017	16.75
6025	16.75
6033	16.46
6041	16.46
6049	17.93
6057	17.93
6065	17.93
6073	18.71
6081	18.71
6089	18.71
6097	16.65
6105	16.65
6113	16.62
6121	16.62
6129	16.62
6137	16.85
6145	16.85
6153	16.85
6161	17
6169	17
6177	15.89
6185	15.89
6193	15.89
6201	16.88
6209	16.88
6217	16.99
6225	16.99
6233	16.99
6241	16.58
6249	16.58
6257	16.58
6265	16.55
6273	16.55
6281	16.31
6289	16.31
6297	16.31
6305	17.62
6313	17.62
6321	17.62
6329	17.53
6337	17.53
6345	17.13
6353	17.13
6361	17.13
6369	16.78
6377	16.78
6385	16.68
6393	16.68
6401	16.68
6409	15.66
6417	15.66
6425	15.66
6433	16.79
6441	16.79
6449	16.78
6457	16.78
6465	16.78
6473	16.55
6481	16.55
6489	16.55
6497	16.03
6505	16.03
6513	15.94
6521	15.94
6529	15.94
6537	16.65
6545	16.65
6553	16.87
6561	16.87
6569	16.87
6577	17.18
6585	17.18
6593	17.18
6601	17.59
6609	17.59
6617	16.66
6625	16.66
6633	16.66
6641	16.18
6649	16.18
6657	16.18
6665	16.47
