front/003524.png 1  270 353 90 130 
front/003183.png 1  329 299 104 109 
front/004184.png 1  347 294 123 129 
front/000359.png 1  164 122 335 333 
front/001975.png 1  208 294 93 93 
front/000658.png 1  537 273 145 144 
front/004332.png 1  245 309 88 87 
front/003464.png 1  586 353 90 91 
front/003256.png 1  438 154 308 380 
front/003891.png 1  338 297 101 98 
front/002805.png 1  290 299 82 83 
front/004466.png 1  231 337 68 67 
front/003959.png 1  443 227 255 270 
front/000965.png 2  433 327 111 116   132 354 47 43 
front/004153.png 2  243 316 83 80   131 337 31 30 
front/000332.png 1  186 189 226 223 
front/004454.png 1  188 340 68 60 
front/003192.png 1  335 298 116 117 
front/001077.png 1  313 342 95 103 
front/003516.png 1  335 349 95 128 
front/005052.png 2  52 210 312 319   568 198 338 332 
front/003867.png 1  317 299 87 84 
front/001087.png 1  348 335 112 121 
front/003528.png 1  245 351 84 137 
front/001107.png 1  441 303 137 179 
front/002344.png 1  337 279 159 168 
front/003242.png 1  357 212 235 254 
front/003881.png 1  329 299 94 95 
front/003974.png 1  496 129 384 464 
front/003967.png 1  454 188 310 343 
front/003259.png 1  474 134 326 419 
front/003926.png 1  377 281 143 142 
front/004165.png 2  273 307 95 94   129 332 33 31 
front/000978.png 2  582 314 137 157   141 356 49 44 
front/004352.png 1  315 293 117 121 
front/004754.png 1  411 255 55 51 
front/003235.png 1  348 230 206 217 
front/003938.png 1  396 270 166 173 
front/004190.png 2  378 292 139 146   123 327 35 33 
front/003219.png 1  347 258 159 164 
front/003522.png 1  287 354 84 126 
front/001100.png 1  407 316 126 152 
front/003902.png 1  350 294 111 111 
front/002833.png 1  413 275 128 131 
front/002620.png 1  477 227 242 298 
front/002609.png 1  356 255 201 227 
front/002912.png 1  288 320 91 91 
front/002351.png 1  343 276 170 183 
front/000173.png 1  234 280 70 71 
front/004364.png 1  388 286 148 154 
front/002624.png 1  524 219 255 325 
front/002025.png 1  345 250 129 171 
front/004178.png 2  318 297 111 116   126 328 34 31 
front/003973.png 1  490 140 366 436 
front/000210.png 1  238 272 91 84 
front/004697.png 1  404 211 42 41 
front/000161.png 1  238 283 58 64 
front/002861.png 1  644 195 200 291 
front/004973.png 1  206 276 280 302 
front/004341.png 1  273 302 96 94 
front/000586.png 1  526 319 95 93 
front/004204.png 2  532 258 191 211   121 324 39 35 
front/000190.png 1  241 273 76 75 
front/002812.png 1  313 293 92 93 
front/000709.png 1  553 221 226 229 
front/005011.png 1  111 46 415 512 
front/003530.png 1  232 354 79 133 
front/003532.png 1  217 354 72 135 
front/002388.png 1  602 201 264 343 
front/004370.png 1  448 272 170 183 
front/001589.png 1  379 330 91 103 
front/004375.png 1  521 252 199 218 
front/004317.png 1  210 313 78 73 
front/002615.png 1  408 244 222 259 
front/003022.png 1  449 226 186 278 
front/000731.png 1  479 210 243 258 
front/000634.png 1  491 293 123 125 
front/002013.png 1  308 257 122 144 
front/003970.png 1  466 164 336 385 
front/004326.png 1  229 312 84 81 
front/003453.png 1  604 354 84 83 
front/003474.png 1  559 349 100 95 
front/000367.png 1  164 98 387 386 
front/004496.png 1  349 311 87 102 
front/002837.png 1  442 269 135 146 
front/003228.png 1  347 243 182 190 
front/003962.png 1  450 215 269 290 
front/004207.png 2  585 248 211 238   120 326 40 36 
front/004196.png 2  427 281 158 169   121 328 35 31 
front/003248.png 1  378 195 260 294 
front/003526.png 1  260 355 82 128 
front/003856.png 1  314 307 82 78 
front/000301.png 1  195 232 164 161 
front/000354.png 1  168 136 308 312 
front/000260.png 1  228 259 122 117 
front/004726.png 1  404 232 45 45 
front/000988.png 2  756 299 160 201   144 356 53 49 
front/002952.png 1  341 320 109 114 
front/001673.png 1  250 290 103 142 
front/002386.png 1  563 207 262 325 
front/000765.png 1  164 237 232 321 
front/004835.png 1  344 326 120 120 
front/004346.png 1  293 298 103 109 
front/004143.png 1  227 322 75 71 
front/003000.png 1  413 279 163 192 
front/000975.png 2  544 317 131 152   139 355 48 46 
front/004847.png 1  310 349 143 141 
front/004821.png 1  361 305 99 99 
front/002816.png 1  326 291 94 97 
front/002608.png 1  350 258 198 223 
front/004490.png 1  332 317 84 94 
front/002390.png 1  641 194 271 360 
front/003437.png 1  614 354 79 76 
front/002374.png 1  431 241 226 259 
front/000972.png 2  509 320 127 142   136 354 48 46 
front/000961.png 2  413 327 106 117   132 353 47 44 
front/002365.png 1  380 257 204 222 
front/002384.png 1  533 213 257 316 
front/000683.png 1  580 253 178 180 
front/002358.png 1  359 269 186 200 
front/004358.png 1  346 292 130 132 
front/003201.png 1  344 285 123 126 
front/002628.png 1  604 199 269 370 
front/004502.png 1  352 303 94 112 
front/000234.png 1  235 275 108 96 
front/002824.png 1  360 285 103 109 
front/000981.png 2  609 310 142 165   143 354 49 46 
front/002828.png 1  384 280 117 121 
front/003914.png 1  361 289 124 124 
front/002858.png 1  619 207 206 270 
front/004508.png 1  346 298 97 126 
front/004478.png 1  281 326 76 78 
front/001547.png 1  455 324 79 88 
front/002976.png 1  382 305 132 144 
front/000946.png 2  345 330 91 94   138 351 42 39 
front/001585.png 1  388 329 91 103 
front/000987.png 2  144 356 51 49   731 297 160 201 
front/004210.png 2  122 327 38 36   655 237 232 271 
front/003485.png 1  517 350 99 103 
front/001986.png 1  242 284 100 104 
front/003422.png 1  612 357 71 72 
front/003252.png 1  399 180 284 332 
front/000363.png 1  164 108 358 359 
front/002820.png 1  340 290 101 102 
front/002863.png 1  664 183 212 312 
front/005091.png 1  150 117 414 469 
front/001066.png 1  269 350 85 87 
front/001645.png 1  296 305 102 128 
front/002554.png 1  183 306 115 113 
front/003017.png 1  437 243 185 256 
front/000763.png 1  222 240 222 298 
front/000747.png 1  433 238 223 248 
front/004808.png 1  379 292 85 84 
front/001999.png 1  274 270 109 120 
front/004484.png 1  310 321 81 85 
front/000608.png 1  513 311 103 104 
front/001629.png 1  328 307 103 117 
front/004209.png 2  631 241 225 256   123 326 37 37 
front/005132.png 1  85 162 393 451 
front/004472.png 1  253 330 73 72 
front/002382.png 1  506 220 251 298 
front/004460.png 1  208 340 67 63 
front/003209.png 1  346 273 139 141 
