../../../../../local/img/digits/all/003248.png 3  71 31 23 40   88 33 19 37   103 34 18 34 
../../../../../local/img/digits/all/009034.png 3  79 44 28 50   99 45 25 47   116 45 27 51 
../../../../../local/img/digits/all/009710.png 2  63 61 34 52   86 62 27 50 
../../../../../local/img/digits/all/006694.png 2  109 67 37 62   137 68 41 59 
../../../../../local/img/digits/all/000608.png 3  357 45 32 45   379 48 31 42   403 49 28 42 
../../../../../local/img/digits/all/003528.png 3  97 52 19 39   109 51 24 39   127 53 23 38 
../../../../../local/img/digits/all/002013.png 3  28 21 14 19   37 21 12 20   45 21 11 20 
../../../../../local/img/digits/all/008134.png 3  63 25 14 36   71 27 16 33   81 23 21 40 
../../../../../local/img/digits/all/000367.png 3  67 33 33 50   92 35 34 47   120 33 33 48 
../../../../../local/img/digits/all/003356.png 3  97 48 22 53   110 47 25 53   125 45 26 56 
../../../../../local/img/digits/all/001408.png 3  45 37 14 26   53 37 19 25   68 37 17 24 
../../../../../local/img/digits/all/003244.png 3  30 28 10 23   35 29 10 21   40 30 10 18 
../../../../../local/img/digits/all/010242.png 3  303 54 28 39   322 54 26 40   343 54 21 36 
../../../../../local/img/digits/all/008347.png 3  78 37 31 50   98 39 28 47   116 39 29 51 
../../../../../local/img/digits/all/000616.png 1  47 45 34 42 
../../../../../local/img/digits/all/005746.png 3  113 47 25 52   127 49 25 48   146 50 26 47 
../../../../../local/img/digits/all/000638.png 3  116 35 22 39   129 36 25 39   145 35 22 42 
../../../../../local/img/digits/all/002384.png 3  44 26 23 42   60 28 18 37   73 28 18 38 
../../../../../local/img/digits/all/000605.png 3  156 39 26 41   174 38 27 42   193 39 24 41 
../../../../../local/img/digits/all/008970.png 3  38 35 15 26   45 36 15 23   52 36 17 23 
../../../../../local/img/digits/all/003970.png 3  82 41 25 44   102 41 28 45   122 42 26 42 
../../../../../local/img/digits/all/001457.png 3  91 44 27 52   108 45 30 51   129 46 32 51 
../../../../../local/img/digits/all/002159.png 3  101 41 25 66   114 47 28 59   132 44 26 62 
../../../../../local/img/digits/all/002672b.png 3  52 40 15 29   59 41 16 27   72 42 14 27 
../../../../../local/img/digits/all/005591.png 3  75 39 20 35   88 41 19 33   101 42 17 34 
../../../../../local/img/digits/all/001441.png 3  226 42 24 45   243 44 23 43   259 44 23 44 
../../../../../local/img/digits/all/000805.png 3  329 42 23 35   347 43 22 34   365 43 20 34 
../../../../../local/img/digits/all/010205.png 1  27 25 20 29 
../../../../../local/img/digits/all/007210.png 3  56 38 23 31   73 40 20 28   87 38 21 30 
../../../../../local/img/digits/all/002799.png 3  123 60 30 60   141 63 29 57   161 69 25 52 
../../../../../local/img/digits/all/007295.png 3  133 79 27 45   155 78 30 48   178 78 28 50 
../../../../../local/img/digits/all/004900.png 3  116 44 38 62   142 48 30 58   162 48 30 61 
../../../../../local/img/digits/all/004876.png 3  52 20 18 29   62 23 14 24   71 23 14 23 
../../../../../local/img/digits/all/006515.png 3  69 47 28 45   87 50 27 40   107 52 27 40 
../../../../../local/img/digits/all/000731.png 3  43 36 19 31   57 36 16 31   66 37 21 27 
../../../../../local/img/digits/all/008439.png 3  43 34 21 30   56 34 18 29   68 35 17 26 
../../../../../local/img/digits/all/004863.png 3  100 51 44 65   132 54 42 63   163 51 41 66 
../../../../../local/img/digits/all/003938.png 3  33 15 20 24   47 18 13 18   57 16 12 21 
../../../../../local/img/digits/all/004836.png 3  97 43 35 49   121 47 33 43   146 43 30 48 
../../../../../local/img/digits/all/003364.png 3  406 95 33 72   429 94 38 75   456 100 39 74 
../../../../../local/img/digits/all/002950.png 3  82 57 24 43   97 58 24 43   114 60 20 40 
../../../../../local/img/digits/all/006954.png 3  82 47 31 57   104 47 28 56   119 48 35 57 
../../../../../local/img/digits/all/000562.png 3  103 44 18 33   113 45 21 31   125 44 21 32 
../../../../../local/img/digits/all/006648.png 2  99 52 35 56   123 51 39 61 
../../../../../local/img/digits/all/001431.png 3  44 28 21 32   58 31 21 26   71 26 27 35 
../../../../../local/img/digits/all/008995.png 3  37 39 21 28   50 40 18 26   61 40 16 26 
../../../../../local/img/digits/all/002049.png 3  53 38 18 31   62 37 20 31   73 36 20 31 
../../../../../local/img/digits/all/002718.png 3  108 57 23 41   124 59 21 37   138 58 27 41 
../../../../../local/img/digits/all/002111.png 3  161 69 24 42   176 67 23 44   189 68 25 44 
../../../../../local/img/digits/all/007706.png 3  62 36 23 34   78 36 21 33   95 39 19 30 
../../../../../local/img/digits/all/006926.png 3  46 32 16 29   55 31 14 28   65 33 12 26 
../../../../../local/img/digits/all/006421.png 3  32 31 13 19   39 29 14 23   46 30 19 23 
../../../../../local/img/digits/all/006019.png 2  60 46 30 43   81 47 22 40 
../../../../../local/img/digits/all/002251.png 3  98 27 33 55   136 31 35 54   179 32 33 53 
../../../../../local/img/digits/all/000446.png 3  46 31 21 34   71 27 26 33   96 25 27 36 
../../../../../local/img/digits/all/000572.png 3  103 43 49 78   153 44 49 74   210 42 45 72 
../../../../../local/img/digits/all/002365.png 3  40 26 19 30   54 26 15 30   62 27 20 28 
../../../../../local/img/digits/all/005311.png 2  55 42 23 35   71 39 23 39 
../../../../../local/img/digits/all/001192.png 3  56 34 14 24   66 34 14 22   71 33 16 25 
../../../../../local/img/digits/all/003128.png 3  96 18 16 24   102 20 18 22   111 20 16 22 
../../../../../local/img/digits/all/000658.png 3  28 18 9 18   32 16 14 20   39 16 12 20 
../../../../../local/img/digits/all/007135.png 3  81 31 32 52   99 35 27 44   117 34 23 43 
../../../../../local/img/digits/all/006449.png 3  51 41 17 29   61 41 19 26   73 43 18 24 
../../../../../local/img/digits/all/004375.png 3  42 25 20 30   53 25 19 27   66 26 15 26 
../../../../../local/img/digits/all/007264.png 3  76 47 26 38   94 46 27 40   115 47 27 40 
../../../../../local/img/digits/all/003308.png 3  70 44 12 23   79 43 17 24   89 41 21 28 
../../../../../local/img/digits/all/002156.png 3  50 17 13 22   61 14 22 28   82 17 18 25 
../../../../../local/img/digits/all/004849.png 3  136 68 34 57   161 70 37 55   191 67 33 55 
../../../../../local/img/digits/all/006534.png 3  37 15 15 26   48 17 12 24   56 18 11 23 
../../../../../local/img/digits/all/003642.png 3  108 53 22 38   121 54 21 34   135 51 24 38 
../../../../../local/img/digits/all/009953.png 3  103 51 35 63   129 54 35 58   153 56 36 56 
../../../../../local/img/digits/all/005653.png 3  53 30 19 30   66 31 15 28   76 31 21 27 
../../../../../local/img/digits/all/003666.png 3  146 58 25 55   161 55 31 60   183 58 32 54 
../../../../../local/img/digits/all/001749.png 1  67 48 38 49 
../../../../../local/img/digits/all/003685.png 3  150 55 35 81   171 61 38 75   199 65 32 70
../../../../../local/img/digits/all/002788.png 3  136 44 31 48   155 47 31 45   176 49 27 42 
../../../../../local/img/digits/all/003209.png 3  24 12 16 21   33 14 15 18   39 12 14 19 
../../../../../local/img/digits/all/000582.png 3  108 35 25 39   122 35 24 37   138 37 22 32 
../../../../../local/img/digits/all/001286.png 3  110 62 29 53   128 63 27 50   147 66 31 49 
../../../../../local/img/digits/all/006596.png 3  104 39 32 55   128 40 23 52   142 37 32 59 
